t,x(t)
0,0
0.0005,0.000565333
0.001,0.0011307
0.0015,0.0016961
0.002,0.00226153
0.0025,0.00282699
0.003,0.00339249
0.0035,0.00395801
0.004,0.00452357
0.0045,0.00508916
0.005,0.00565478
0.0055,0.00622044
0.006,0.00678612
0.0065,0.00735184
0.007,0.00791759
0.0075,0.00848337
0.008,0.00904918
0.0085,0.00961502
0.009,0.0101809
0.0095,0.0107468
0.01,0.0113127
0.0105,0.0118787
0.011,0.0124447
0.0115,0.0130107
0.012,0.0135768
0.0125,0.0141428
0.013,0.014709
0.0135,0.0152751
0.014,0.0158413
0.0145,0.0164075
0.015,0.0169737
0.0155,0.01754
0.016,0.0181063
0.0165,0.0186726
0.017,0.0192389
0.0175,0.0198053
0.018,0.0203717
0.0185,0.0209382
0.019,0.0215046
0.0195,0.0220711
0.02,0.0226376
0.0205,0.0232042
0.021,0.0237708
0.0215,0.0243374
0.022,0.024904
0.0225,0.0254707
0.023,0.0260374
0.0235,0.0266041
0.024,0.0271708
0.0245,0.0277376
0.025,0.0283044
0.0255,0.0288712
0.026,0.0294381
0.0265,0.030005
0.027,0.0305719
0.0275,0.0311388
0.028,0.0317058
0.0285,0.0322727
0.029,0.0328398
0.0295,0.0334068
0.03,0.0339739
0.0305,0.034541
0.031,0.0351081
0.0315,0.0356752
0.032,0.0362424
0.0325,0.0368096
0.033,0.0373768
0.0335,0.037944
0.034,0.0385113
0.0345,0.0390786
0.035,0.0396459
0.0355,0.0402133
0.036,0.0407807
0.0365,0.0413481
0.037,0.0419155
0.0375,0.0424829
0.038,0.0430504
0.0385,0.0436179
0.039,0.0441854
0.0395,0.0447529
0.04,0.0453205
0.0405,0.0458881
0.041,0.0464557
0.0415,0.0470233
0.042,0.047591
0.0425,0.0481587
0.043,0.0487264
0.0435,0.0492941
0.044,0.0498619
0.0445,0.0504297
0.045,0.0509975
0.0455,0.0515653
0.046,0.0521331
0.0465,0.052701
0.047,0.0532689
0.0475,0.0538368
0.048,0.0544047
0.0485,0.0549727
0.049,0.0555407
0.0495,0.0561087
0.05,0.0566767
0.0505,0.0572447
0.051,0.0578128
0.0515,0.0583809
0.052,0.058949
0.0525,0.0595171
0.053,0.0600852
0.0535,0.0606534
0.054,0.0612216
0.0545,0.0617898
0.055,0.062358
0.0555,0.0629263
0.056,0.0634946
0.0565,0.0640629
0.057,0.0646312
0.0575,0.0651995
0.058,0.0657679
0.0585,0.0663362
0.059,0.0669046
0.0595,0.067473
0.06,0.0680415
0.0605,0.0686099
0.061,0.0691784
0.0615,0.0697469
0.062,0.0703154
0.0625,0.0708839
0.063,0.0714524
0.0635,0.072021
0.064,0.0725896
0.0645,0.0731582
0.065,0.0737268
0.0655,0.0742954
0.066,0.0748641
0.0665,0.0754328
0.067,0.0760015
0.0675,0.0765702
0.068,0.0771389
0.0685,0.0777076
0.069,0.0782764
0.0695,0.0788452
0.07,0.079414
0.0705,0.0799828
0.071,0.0805516
0.0715,0.0811204
0.072,0.0816893
0.0725,0.0822582
0.073,0.0828271
0.0735,0.083396
0.074,0.0839649
0.0745,0.0845338
0.075,0.0851028
0.0755,0.0856718
0.076,0.0862408
0.0765,0.0868098
0.077,0.0873788
0.0775,0.0879478
0.078,0.0885169
0.0785,0.0890859
0.079,0.089655
0.0795,0.0902241
0.08,0.0907932
0.0805,0.0913624
0.081,0.0919315
0.0815,0.0925007
0.082,0.0930698
0.0825,0.093639
0.083,0.0942082
0.0835,0.0947774
0.084,0.0953466
0.0845,0.0959159
0.085,0.0964851
0.0855,0.0970544
0.086,0.0976237
0.0865,0.098193
0.087,0.0987623
0.0875,0.0993316
0.088,0.0999009
0.0885,0.10047
0.089,0.10104
0.0895,0.101609
0.09,0.102178
0.0905,0.102748
0.091,0.103317
0.0915,0.103887
0.092,0.104456
0.0925,0.105025
0.093,0.105595
0.0935,0.106164
0.094,0.106734
0.0945,0.107303
0.095,0.107873
0.0955,0.108442
0.096,0.109012
0.0965,0.109581
0.097,0.110151
0.0975,0.110721
0.098,0.11129
0.0985,0.11186
0.099,0.112429
0.0995,0.112999
0.1,0.113568
0.1005,0.114138
0.101,0.114708
0.1015,0.115277
0.102,0.115847
0.1025,0.116417
0.103,0.116986
0.1035,0.117556
0.104,0.118126
0.1045,0.118695
0.105,0.119265
0.1055,0.119835
0.106,0.120404
0.1065,0.120974
0.107,0.121544
0.1075,0.122114
0.108,0.122683
0.1085,0.123253
0.109,0.123823
0.1095,0.124393
0.11,0.124962
0.1105,0.125532
0.111,0.126102
0.1115,0.126672
0.112,0.127242
0.1125,0.127811
0.113,0.128381
0.1135,0.128951
0.114,0.129521
0.1145,0.130091
0.115,0.130661
0.1155,0.131231
0.116,0.1318
0.1165,0.13237
0.117,0.13294
0.1175,0.13351
0.118,0.13408
0.1185,0.13465
0.119,0.13522
0.1195,0.13579
0.12,0.136359
0.1205,0.136929
0.121,0.137499
0.1215,0.138069
0.122,0.138639
0.1225,0.139209
0.123,0.139779
0.1235,0.140349
0.124,0.140919
0.1245,0.141489
0.125,0.142059
0.1255,0.142629
0.126,0.143199
0.1265,0.143769
0.127,0.144339
0.1275,0.144909
0.128,0.145479
0.1285,0.146049
0.129,0.146619
0.1295,0.147189
0.13,0.147759
0.1305,0.148329
0.131,0.148899
0.1315,0.149469
0.132,0.150039
0.1325,0.150609
0.133,0.151179
0.1335,0.151749
0.134,0.152319
0.1345,0.152889
0.135,0.153459
0.1355,0.154029
0.136,0.154599
0.1365,0.155169
0.137,0.155739
0.1375,0.156309
0.138,0.156879
0.1385,0.157449
0.139,0.158019
0.1395,0.158589
0.14,0.159159
0.1405,0.159729
0.141,0.160299
0.1415,0.160869
0.142,0.161439
0.1425,0.162009
0.143,0.162579
0.1435,0.163149
0.144,0.163719
0.1445,0.164289
0.145,0.164859
0.1455,0.165429
0.146,0.165999
0.1465,0.166569
0.147,0.167139
0.1475,0.167709
0.148,0.168279
0.1485,0.168849
0.149,0.169419
0.1495,0.169989
0.15,0.170559
0.1505,0.171129
0.151,0.171699
0.1515,0.172269
0.152,0.172839
0.1525,0.173409
0.153,0.173979
0.1535,0.174549
0.154,0.175119
0.1545,0.175689
0.155,0.176259
0.1555,0.176829
0.156,0.177399
0.1565,0.177969
0.157,0.178539
0.1575,0.179109
0.158,0.179678
0.1585,0.180248
0.159,0.180818
0.1595,0.181388
0.16,0.181958
0.1605,0.182528
0.161,0.183098
0.1615,0.183668
0.162,0.184238
0.1625,0.184808
0.163,0.185378
0.1635,0.185948
0.164,0.186517
0.1645,0.187087
0.165,0.187657
0.1655,0.188227
0.166,0.188797
0.1665,0.189367
0.167,0.189937
0.1675,0.190507
0.168,0.191076
0.1685,0.191646
0.169,0.192216
0.1695,0.192786
0.17,0.193356
0.1705,0.193925
0.171,0.194495
0.1715,0.195065
0.172,0.195635
0.1725,0.196205
0.173,0.196774
0.1735,0.197344
0.174,0.197914
0.1745,0.198484
0.175,0.199053
0.1755,0.199623
0.176,0.200193
0.1765,0.200762
0.177,0.201332
0.1775,0.201902
0.178,0.202471
0.1785,0.203041
0.179,0.203611
0.1795,0.20418
0.18,0.20475
0.1805,0.20532
0.181,0.205889
0.1815,0.206459
0.182,0.207029
0.1825,0.207598
0.183,0.208168
0.1835,0.208737
0.184,0.209307
0.1845,0.209876
0.185,0.210446
0.1855,0.211015
0.186,0.211585
0.1865,0.212154
0.187,0.212724
0.1875,0.213293
0.188,0.213863
0.1885,0.214432
0.189,0.215002
0.1895,0.215571
0.19,0.216141
0.1905,0.21671
0.191,0.217279
0.1915,0.217849
0.192,0.218418
0.1925,0.218987
0.193,0.219557
0.1935,0.220126
0.194,0.220695
0.1945,0.221265
0.195,0.221834
0.1955,0.222403
0.196,0.222972
0.1965,0.223542
0.197,0.224111
0.1975,0.22468
0.198,0.225249
0.1985,0.225819
0.199,0.226388
0.1995,0.226957
0.2,0.227526
0.2005,0.228095
0.201,0.228664
0.2015,0.229233
0.202,0.229802
0.2025,0.230371
0.203,0.230941
0.2035,0.23151
0.204,0.232079
0.2045,0.232648
0.205,0.233217
0.2055,0.233785
0.206,0.234354
0.2065,0.234923
0.207,0.235492
0.2075,0.236061
0.208,0.23663
0.2085,0.237199
0.209,0.237768
0.2095,0.238337
0.21,0.238905
0.2105,0.239474
0.211,0.240043
0.2115,0.240612
0.212,0.24118
0.2125,0.241749
0.213,0.242318
0.2135,0.242887
0.214,0.243455
0.2145,0.244024
0.215,0.244592
0.2155,0.245161
0.216,0.24573
0.2165,0.246298
0.217,0.246867
0.2175,0.247435
0.218,0.248004
0.2185,0.248572
0.219,0.249141
0.2195,0.249709
0.22,0.250278
0.2205,0.250846
0.221,0.251414
0.2215,0.251983
0.222,0.252551
0.2225,0.253119
0.223,0.253688
0.2235,0.254256
0.224,0.254824
0.2245,0.255393
0.225,0.255961
0.2255,0.256529
0.226,0.257097
0.2265,0.257665
0.227,0.258233
0.2275,0.258802
0.228,0.25937
0.2285,0.259938
0.229,0.260506
0.2295,0.261074
0.23,0.261642
0.2305,0.26221
0.231,0.262778
0.2315,0.263346
0.232,0.263913
0.2325,0.264481
0.233,0.265049
0.2335,0.265617
0.234,0.266185
0.2345,0.266753
0.235,0.26732
0.2355,0.267888
0.236,0.268456
0.2365,0.269023
0.237,0.269591
0.2375,0.270159
0.238,0.270726
0.2385,0.271294
0.239,0.271861
0.2395,0.272429
0.24,0.272997
0.2405,0.273564
0.241,0.274131
0.2415,0.274699
0.242,0.275266
0.2425,0.275834
0.243,0.276401
0.2435,0.276968
0.244,0.277536
0.2445,0.278103
0.245,0.27867
0.2455,0.279237
0.246,0.279804
0.2465,0.280372
0.247,0.280939
0.2475,0.281506
0.248,0.282073
0.2485,0.28264
0.249,0.283207
0.2495,0.283774
0.25,0.284341
0.2505,0.284908
0.251,0.285475
0.2515,0.286042
0.252,0.286608
0.2525,0.287175
0.253,0.287742
0.2535,0.288309
0.254,0.288875
0.2545,0.289442
0.255,0.290009
0.2555,0.290575
0.256,0.291142
0.2565,0.291709
0.257,0.292275
0.2575,0.292842
0.258,0.293408
0.2585,0.293975
0.259,0.294541
0.2595,0.295107
0.26,0.295674
0.2605,0.29624
0.261,0.296806
0.2615,0.297373
0.262,0.297939
0.2625,0.298505
0.263,0.299071
0.2635,0.299637
0.264,0.300203
0.2645,0.30077
0.265,0.301336
0.2655,0.301902
0.266,0.302467
0.2665,0.303033
0.267,0.303599
0.2675,0.304165
0.268,0.304731
0.2685,0.305297
0.269,0.305863
0.2695,0.306428
0.27,0.306994
0.2705,0.30756
0.271,0.308125
0.2715,0.308691
0.272,0.309256
0.2725,0.309822
0.273,0.310387
0.2735,0.310953
0.274,0.311518
0.2745,0.312084
0.275,0.312649
0.2755,0.313214
0.276,0.31378
0.2765,0.314345
0.277,0.31491
0.2775,0.315475
0.278,0.31604
0.2785,0.316605
0.279,0.31717
0.2795,0.317735
0.28,0.3183
0.2805,0.318865
0.281,0.31943
0.2815,0.319995
0.282,0.32056
0.2825,0.321125
0.283,0.32169
0.2835,0.322254
0.284,0.322819
0.2845,0.323384
0.285,0.323948
0.2855,0.324513
0.286,0.325077
0.2865,0.325642
0.287,0.326206
0.2875,0.326771
0.288,0.327335
0.2885,0.327899
0.289,0.328464
0.2895,0.329028
0.29,0.329592
0.2905,0.330156
0.291,0.33072
0.2915,0.331284
0.292,0.331848
0.2925,0.332412
0.293,0.332976
0.2935,0.33354
0.294,0.334104
0.2945,0.334668
0.295,0.335232
0.2955,0.335796
0.296,0.336359
0.2965,0.336923
0.297,0.337487
0.2975,0.33805
0.298,0.338614
0.2985,0.339177
0.299,0.339741
0.2995,0.340304
0.3,0.340867
0.3005,0.341431
0.301,0.341994
0.3015,0.342557
0.302,0.343121
0.3025,0.343684
0.303,0.344247
0.3035,0.34481
0.304,0.345373
0.3045,0.345936
0.305,0.346499
0.3055,0.347062
0.306,0.347625
0.3065,0.348187
0.307,0.34875
0.3075,0.349313
0.308,0.349875
0.3085,0.350438
0.309,0.351001
0.3095,0.351563
0.31,0.352126
0.3105,0.352688
0.311,0.35325
0.3115,0.353813
0.312,0.354375
0.3125,0.354937
0.313,0.3555
0.3135,0.356062
0.314,0.356624
0.3145,0.357186
0.315,0.357748
0.3155,0.35831
0.316,0.358872
0.3165,0.359434
0.317,0.359995
0.3175,0.360557
0.318,0.361119
0.3185,0.361681
0.319,0.362242
0.3195,0.362804
0.32,0.363365
0.3205,0.363927
0.321,0.364488
0.3215,0.36505
0.322,0.365611
0.3225,0.366172
0.323,0.366733
0.3235,0.367295
0.324,0.367856
0.3245,0.368417
0.325,0.368978
0.3255,0.369539
0.326,0.3701
0.3265,0.370661
0.327,0.371222
0.3275,0.371782
0.328,0.372343
0.3285,0.372904
0.329,0.373464
0.3295,0.374025
0.33,0.374585
0.3305,0.375146
0.331,0.375706
0.3315,0.376267
0.332,0.376827
0.3325,0.377387
0.333,0.377947
0.3335,0.378507
0.334,0.379068
0.3345,0.379628
0.335,0.380188
0.3355,0.380748
0.336,0.381307
0.3365,0.381867
0.337,0.382427
0.3375,0.382987
0.338,0.383546
0.3385,0.384106
0.339,0.384666
0.3395,0.385225
0.34,0.385784
0.3405,0.386344
0.341,0.386903
0.3415,0.387462
0.342,0.388022
0.3425,0.388581
0.343,0.38914
0.3435,0.389699
0.344,0.390258
0.3445,0.390817
0.345,0.391376
0.3455,0.391935
0.346,0.392493
0.3465,0.393052
0.347,0.393611
0.3475,0.394169
0.348,0.394728
0.3485,0.395286
0.349,0.395845
0.3495,0.396403
0.35,0.396961
0.3505,0.39752
0.351,0.398078
0.3515,0.398636
0.352,0.399194
0.3525,0.399752
0.353,0.40031
0.3535,0.400868
0.354,0.401426
0.3545,0.401983
0.355,0.402541
0.3555,0.403099
0.356,0.403656
0.3565,0.404214
0.357,0.404771
0.3575,0.405329
0.358,0.405886
0.3585,0.406443
0.359,0.407001
0.3595,0.407558
0.36,0.408115
0.3605,0.408672
0.361,0.409229
0.3615,0.409786
0.362,0.410343
0.3625,0.4109
0.363,0.411456
0.3635,0.412013
0.364,0.41257
0.3645,0.413126
0.365,0.413683
0.3655,0.414239
0.366,0.414795
0.3665,0.415352
0.367,0.415908
0.3675,0.416464
0.368,0.41702
0.3685,0.417576
0.369,0.418132
0.3695,0.418688
0.37,0.419244
0.3705,0.4198
0.371,0.420355
0.3715,0.420911
0.372,0.421467
0.3725,0.422022
0.373,0.422577
0.3735,0.423133
0.374,0.423688
0.3745,0.424243
0.375,0.424799
0.3755,0.425354
0.376,0.425909
0.3765,0.426464
0.377,0.427019
0.3775,0.427574
0.378,0.428128
0.3785,0.428683
0.379,0.429238
0.3795,0.429792
0.38,0.430347
0.3805,0.430901
0.381,0.431456
0.3815,0.43201
0.382,0.432564
0.3825,0.433118
0.383,0.433672
0.3835,0.434226
0.384,0.43478
0.3845,0.435334
0.385,0.435888
0.3855,0.436442
0.386,0.436995
0.3865,0.437549
0.387,0.438103
0.3875,0.438656
0.388,0.439209
0.3885,0.439763
0.389,0.440316
0.3895,0.440869
0.39,0.441422
0.3905,0.441975
0.391,0.442528
0.3915,0.443081
0.392,0.443634
0.3925,0.444187
0.393,0.444739
0.3935,0.445292
0.394,0.445845
0.3945,0.446397
0.395,0.446949
0.3955,0.447502
0.396,0.448054
0.3965,0.448606
0.397,0.449158
0.3975,0.44971
0.398,0.450262
0.3985,0.450814
0.399,0.451366
0.3995,0.451918
0.4,0.452469
0.4005,0.453021
0.401,0.453572
0.4015,0.454124
0.402,0.454675
0.4025,0.455226
0.403,0.455778
0.4035,0.456329
0.404,0.45688
0.4045,0.457431
0.405,0.457982
0.4055,0.458532
0.406,0.459083
0.4065,0.459634
0.407,0.460184
0.4075,0.460735
0.408,0.461285
0.4085,0.461836
0.409,0.462386
0.4095,0.462936
0.41,0.463486
0.4105,0.464036
0.411,0.464586
0.4115,0.465136
0.412,0.465686
0.4125,0.466236
0.413,0.466785
0.4135,0.467335
0.414,0.467884
0.4145,0.468434
0.415,0.468983
0.4155,0.469532
0.416,0.470082
0.4165,0.470631
0.417,0.47118
0.4175,0.471729
0.418,0.472277
0.4185,0.472826
0.419,0.473375
0.4195,0.473924
0.42,0.474472
0.4205,0.475021
0.421,0.475569
0.4215,0.476117
0.422,0.476665
0.4225,0.477213
0.423,0.477761
0.4235,0.478309
0.424,0.478857
0.4245,0.479405
0.425,0.479953
0.4255,0.4805
0.426,0.481048
0.4265,0.481595
0.427,0.482143
0.4275,0.48269
0.428,0.483237
0.4285,0.483784
0.429,0.484331
0.4295,0.484878
0.43,0.485425
0.4305,0.485972
0.431,0.486519
0.4315,0.487065
0.432,0.487612
0.4325,0.488158
0.433,0.488704
0.4335,0.489251
0.434,0.489797
0.4345,0.490343
0.435,0.490889
0.4355,0.491435
0.436,0.491981
0.4365,0.492526
0.437,0.493072
0.4375,0.493618
0.438,0.494163
0.4385,0.494708
0.439,0.495254
0.4395,0.495799
0.44,0.496344
0.4405,0.496889
0.441,0.497434
0.4415,0.497979
0.442,0.498524
0.4425,0.499068
0.443,0.499613
0.4435,0.500157
0.444,0.500702
0.4445,0.501246
0.445,0.50179
0.4455,0.502334
0.446,0.502878
0.4465,0.503422
0.447,0.503966
0.4475,0.50451
0.448,0.505054
0.4485,0.505597
0.449,0.506141
0.4495,0.506684
0.45,0.507228
0.4505,0.507771
0.451,0.508314
0.4515,0.508857
0.452,0.5094
0.4525,0.509943
0.453,0.510485
0.4535,0.511028
0.454,0.511571
0.4545,0.512113
0.455,0.512655
0.4555,0.513198
0.456,0.51374
0.4565,0.514282
0.457,0.514824
0.4575,0.515366
0.458,0.515908
0.4585,0.516449
0.459,0.516991
0.4595,0.517533
0.46,0.518074
0.4605,0.518615
0.461,0.519157
0.4615,0.519698
0.462,0.520239
0.4625,0.52078
0.463,0.521321
0.4635,0.521861
0.464,0.522402
0.4645,0.522943
0.465,0.523483
0.4655,0.524023
0.466,0.524564
0.4665,0.525104
0.467,0.525644
0.4675,0.526184
0.468,0.526724
0.4685,0.527263
0.469,0.527803
0.4695,0.528343
0.47,0.528882
0.4705,0.529422
0.471,0.529961
0.4715,0.5305
0.472,0.531039
0.4725,0.531578
0.473,0.532117
0.4735,0.532656
0.474,0.533194
0.4745,0.533733
0.475,0.534271
0.4755,0.53481
0.476,0.535348
0.4765,0.535886
0.477,0.536424
0.4775,0.536962
0.478,0.5375
0.4785,0.538038
0.479,0.538575
0.4795,0.539113
0.48,0.53965
0.4805,0.540188
0.481,0.540725
0.4815,0.541262
0.482,0.541799
0.4825,0.542336
0.483,0.542873
0.4835,0.54341
0.484,0.543946
0.4845,0.544483
0.485,0.545019
0.4855,0.545555
0.486,0.546092
0.4865,0.546628
0.487,0.547164
0.4875,0.5477
0.488,0.548235
0.4885,0.548771
0.489,0.549307
0.4895,0.549842
0.49,0.550377
0.4905,0.550913
0.491,0.551448
0.4915,0.551983
0.492,0.552518
0.4925,0.553052
0.493,0.553587
0.4935,0.554122
0.494,0.554656
0.4945,0.555191
0.495,0.555725
0.4955,0.556259
0.496,0.556793
0.4965,0.557327
0.497,0.557861
0.4975,0.558395
0.498,0.558928
0.4985,0.559462
0.499,0.559995
0.4995,0.560528
0.5,0.561061
0.5005,0.561594
0.501,0.562127
0.5015,0.56266
0.502,0.563193
0.5025,0.563726
0.503,0.564258
0.5035,0.56479
0.504,0.565323
0.5045,0.565855
0.505,0.566387
0.5055,0.566919
0.506,0.567451
0.5065,0.567982
0.507,0.568514
0.5075,0.569045
0.508,0.569577
0.5085,0.570108
0.509,0.570639
0.5095,0.57117
0.51,0.571701
0.5105,0.572232
0.511,0.572763
0.5115,0.573293
0.512,0.573824
0.5125,0.574354
0.513,0.574884
0.5135,0.575414
0.514,0.575944
0.5145,0.576474
0.515,0.577004
0.5155,0.577533
0.516,0.578063
0.5165,0.578592
0.517,0.579122
0.5175,0.579651
0.518,0.58018
0.5185,0.580709
0.519,0.581237
0.5195,0.581766
0.52,0.582295
0.5205,0.582823
0.521,0.583352
0.5215,0.58388
0.522,0.584408
0.5225,0.584936
0.523,0.585464
0.5235,0.585991
0.524,0.586519
0.5245,0.587046
0.525,0.587574
0.5255,0.588101
0.526,0.588628
0.5265,0.589155
0.527,0.589682
0.5275,0.590209
0.528,0.590736
0.5285,0.591262
0.529,0.591788
0.5295,0.592315
0.53,0.592841
0.5305,0.593367
0.531,0.593893
0.5315,0.594419
0.532,0.594944
0.5325,0.59547
0.533,0.595995
0.5335,0.59652
0.534,0.597046
0.5345,0.597571
0.535,0.598096
0.5355,0.59862
0.536,0.599145
0.5365,0.59967
0.537,0.600194
0.5375,0.600718
0.538,0.601242
0.5385,0.601767
0.539,0.60229
0.5395,0.602814
0.54,0.603338
0.5405,0.603861
0.541,0.604385
0.5415,0.604908
0.542,0.605431
0.5425,0.605954
0.543,0.606477
0.5435,0.607
0.544,0.607523
0.5445,0.608045
0.545,0.608567
0.5455,0.60909
0.546,0.609612
0.5465,0.610134
0.547,0.610656
0.5475,0.611177
0.548,0.611699
0.5485,0.61222
0.549,0.612742
0.5495,0.613263
0.55,0.613784
0.5505,0.614305
0.551,0.614826
0.5515,0.615347
0.552,0.615867
0.5525,0.616388
0.553,0.616908
0.5535,0.617428
0.554,0.617948
0.5545,0.618468
0.555,0.618988
0.5555,0.619507
0.556,0.620027
0.5565,0.620546
0.557,0.621065
0.5575,0.621584
0.558,0.622103
0.5585,0.622622
0.559,0.623141
0.5595,0.623659
0.56,0.624178
0.5605,0.624696
0.561,0.625214
0.5615,0.625732
0.562,0.62625
0.5625,0.626768
0.563,0.627286
0.5635,0.627803
0.564,0.62832
0.5645,0.628838
0.565,0.629355
0.5655,0.629872
0.566,0.630388
0.5665,0.630905
0.567,0.631421
0.5675,0.631938
0.568,0.632454
0.5685,0.63297
0.569,0.633486
0.5695,0.634002
0.57,0.634518
0.5705,0.635033
0.571,0.635549
0.5715,0.636064
0.572,0.636579
0.5725,0.637094
0.573,0.637609
0.5735,0.638123
0.574,0.638638
0.5745,0.639152
0.575,0.639667
0.5755,0.640181
0.576,0.640695
0.5765,0.641209
0.577,0.641722
0.5775,0.642236
0.578,0.642749
0.5785,0.643263
0.579,0.643776
0.5795,0.644289
0.58,0.644802
0.5805,0.645314
0.581,0.645827
0.5815,0.646339
0.582,0.646852
0.5825,0.647364
0.583,0.647876
0.5835,0.648387
0.584,0.648899
0.5845,0.649411
0.585,0.649922
0.5855,0.650433
0.586,0.650945
0.5865,0.651455
0.587,0.651966
0.5875,0.652477
0.588,0.652987
0.5885,0.653498
0.589,0.654008
0.5895,0.654518
0.59,0.655028
0.5905,0.655538
0.591,0.656048
0.5915,0.656557
0.592,0.657066
0.5925,0.657576
0.593,0.658085
0.5935,0.658593
0.594,0.659102
0.5945,0.659611
0.595,0.660119
0.5955,0.660628
0.596,0.661136
0.5965,0.661644
0.597,0.662151
0.5975,0.662659
0.598,0.663167
0.5985,0.663674
0.599,0.664181
0.5995,0.664688
0.6,0.665195
0.6005,0.665702
0.601,0.666209
0.6015,0.666715
0.602,0.667222
0.6025,0.667728
0.603,0.668234
0.6035,0.66874
0.604,0.669245
0.6045,0.669751
0.605,0.670256
0.6055,0.670761
0.606,0.671267
0.6065,0.671771
0.607,0.672276
0.6075,0.672781
0.608,0.673285
0.6085,0.67379
0.609,0.674294
0.6095,0.674798
0.61,0.675302
0.6105,0.675805
0.611,0.676309
0.6115,0.676812
0.612,0.677315
0.6125,0.677818
0.613,0.678321
0.6135,0.678824
0.614,0.679327
0.6145,0.679829
0.615,0.680331
0.6155,0.680833
0.616,0.681335
0.6165,0.681837
0.617,0.682339
0.6175,0.68284
0.618,0.683342
0.6185,0.683843
0.619,0.684344
0.6195,0.684844
0.62,0.685345
0.6205,0.685846
0.621,0.686346
0.6215,0.686846
0.622,0.687346
0.6225,0.687846
0.623,0.688346
0.6235,0.688845
0.624,0.689345
0.6245,0.689844
0.625,0.690343
0.6255,0.690842
0.626,0.69134
0.6265,0.691839
0.627,0.692337
0.6275,0.692835
0.628,0.693333
0.6285,0.693831
0.629,0.694329
0.6295,0.694827
0.63,0.695324
0.6305,0.695821
0.631,0.696318
0.6315,0.696815
0.632,0.697312
0.6325,0.697808
0.633,0.698305
0.6335,0.698801
0.634,0.699297
0.6345,0.699793
0.635,0.700289
0.6355,0.700784
0.636,0.70128
0.6365,0.701775
0.637,0.70227
0.6375,0.702765
0.638,0.703259
0.6385,0.703754
0.639,0.704248
0.6395,0.704742
0.64,0.705236
0.6405,0.70573
0.641,0.706224
0.6415,0.706717
0.642,0.707211
0.6425,0.707704
0.643,0.708197
0.6435,0.70869
0.644,0.709182
0.6445,0.709675
0.645,0.710167
0.6455,0.710659
0.646,0.711151
0.6465,0.711643
0.647,0.712135
0.6475,0.712626
0.648,0.713117
0.6485,0.713608
0.649,0.714099
0.6495,0.71459
0.65,0.715081
0.6505,0.715571
0.651,0.716061
0.6515,0.716551
0.652,0.717041
0.6525,0.717531
0.653,0.71802
0.6535,0.71851
0.654,0.718999
0.6545,0.719488
0.655,0.719977
0.6555,0.720465
0.656,0.720954
0.6565,0.721442
0.657,0.72193
0.6575,0.722418
0.658,0.722906
0.6585,0.723393
0.659,0.72388
0.6595,0.724368
0.66,0.724855
0.6605,0.725341
0.661,0.725828
0.6615,0.726315
0.662,0.726801
0.6625,0.727287
0.663,0.727773
0.6635,0.728259
0.664,0.728744
0.6645,0.729229
0.665,0.729715
0.6655,0.7302
0.666,0.730685
0.6665,0.731169
0.667,0.731654
0.6675,0.732138
0.668,0.732622
0.6685,0.733106
0.669,0.73359
0.6695,0.734073
0.67,0.734556
0.6705,0.73504
0.671,0.735523
0.6715,0.736005
0.672,0.736488
0.6725,0.73697
0.673,0.737453
0.6735,0.737935
0.674,0.738417
0.6745,0.738898
0.675,0.73938
0.6755,0.739861
0.676,0.740342
0.6765,0.740823
0.677,0.741304
0.6775,0.741784
0.678,0.742265
0.6785,0.742745
0.679,0.743225
0.6795,0.743705
0.68,0.744184
0.6805,0.744664
0.681,0.745143
0.6815,0.745622
0.682,0.746101
0.6825,0.746579
0.683,0.747058
0.6835,0.747536
0.684,0.748014
0.6845,0.748492
0.685,0.74897
0.6855,0.749447
0.686,0.749925
0.6865,0.750402
0.687,0.750879
0.6875,0.751355
0.688,0.751832
0.6885,0.752308
0.689,0.752784
0.6895,0.75326
0.69,0.753736
0.6905,0.754212
0.691,0.754687
0.6915,0.755162
0.692,0.755637
0.6925,0.756112
0.693,0.756586
0.6935,0.757061
0.694,0.757535
0.6945,0.758009
0.695,0.758483
0.6955,0.758956
0.696,0.75943
0.6965,0.759903
0.697,0.760376
0.6975,0.760849
0.698,0.761321
0.6985,0.761794
0.699,0.762266
0.6995,0.762738
0.7,0.76321
0.7005,0.763681
0.701,0.764153
0.7015,0.764624
0.702,0.765095
0.7025,0.765566
0.703,0.766036
0.7035,0.766507
0.704,0.766977
0.7045,0.767447
0.705,0.767917
0.7055,0.768386
0.706,0.768856
0.7065,0.769325
0.707,0.769794
0.7075,0.770263
0.708,0.770731
0.7085,0.7712
0.709,0.771668
0.7095,0.772136
0.71,0.772604
0.7105,0.773071
0.711,0.773538
0.7115,0.774006
0.712,0.774473
0.7125,0.774939
0.713,0.775406
0.7135,0.775872
0.714,0.776338
0.7145,0.776804
0.715,0.77727
0.7155,0.777735
0.716,0.7782
0.7165,0.778666
0.717,0.77913
0.7175,0.779595
0.718,0.780059
0.7185,0.780524
0.719,0.780988
0.7195,0.781452
0.72,0.781915
0.7205,0.782379
0.721,0.782842
0.7215,0.783305
0.722,0.783767
0.7225,0.78423
0.723,0.784692
0.7235,0.785154
0.724,0.785616
0.7245,0.786078
0.725,0.78654
0.7255,0.787001
0.726,0.787462
0.7265,0.787923
0.727,0.788383
0.7275,0.788844
0.728,0.789304
0.7285,0.789764
0.729,0.790224
0.7295,0.790683
0.73,0.791143
0.7305,0.791602
0.731,0.792061
0.7315,0.792519
0.732,0.792978
0.7325,0.793436
0.733,0.793894
0.7335,0.794352
0.734,0.794809
0.7345,0.795267
0.735,0.795724
0.7355,0.796181
0.736,0.796638
0.7365,0.797094
0.737,0.797551
0.7375,0.798007
0.738,0.798462
0.7385,0.798918
0.739,0.799373
0.7395,0.799829
0.74,0.800284
0.7405,0.800738
0.741,0.801193
0.7415,0.801647
0.742,0.802101
0.7425,0.802555
0.743,0.803009
0.7435,0.803462
0.744,0.803915
0.7445,0.804368
0.745,0.804821
0.7455,0.805274
0.746,0.805726
0.7465,0.806178
0.747,0.80663
0.7475,0.807082
0.748,0.807533
0.7485,0.807984
0.749,0.808435
0.7495,0.808886
0.75,0.809336
0.7505,0.809787
0.751,0.810237
0.7515,0.810686
0.752,0.811136
0.7525,0.811585
0.753,0.812034
0.7535,0.812483
0.754,0.812932
0.7545,0.813381
0.755,0.813829
0.7555,0.814277
0.756,0.814725
0.7565,0.815172
0.757,0.815619
0.7575,0.816066
0.758,0.816513
0.7585,0.81696
0.759,0.817406
0.7595,0.817852
0.76,0.818298
0.7605,0.818744
0.761,0.819189
0.7615,0.819635
0.762,0.82008
0.7625,0.820524
0.763,0.820969
0.7635,0.821413
0.764,0.821857
0.7645,0.822301
0.765,0.822745
0.7655,0.823188
0.766,0.823631
0.7665,0.824074
0.767,0.824517
0.7675,0.824959
0.768,0.825401
0.7685,0.825843
0.769,0.826285
0.7695,0.826726
0.77,0.827167
0.7705,0.827608
0.771,0.828049
0.7715,0.82849
0.772,0.82893
0.7725,0.82937
0.773,0.82981
0.7735,0.830249
0.774,0.830689
0.7745,0.831128
0.775,0.831567
0.7755,0.832005
0.776,0.832443
0.7765,0.832882
0.777,0.833319
0.7775,0.833757
0.778,0.834194
0.7785,0.834632
0.779,0.835069
0.7795,0.835505
0.78,0.835942
0.7805,0.836378
0.781,0.836814
0.7815,0.837249
0.782,0.837685
0.7825,0.83812
0.783,0.838555
0.7835,0.83899
0.784,0.839424
0.7845,0.839858
0.785,0.840292
0.7855,0.840726
0.786,0.841159
0.7865,0.841593
0.787,0.842026
0.7875,0.842458
0.788,0.842891
0.7885,0.843323
0.789,0.843755
0.7895,0.844187
0.79,0.844618
0.7905,0.84505
0.791,0.845481
0.7915,0.845911
0.792,0.846342
0.7925,0.846772
0.793,0.847202
0.7935,0.847632
0.794,0.848061
0.7945,0.848491
0.795,0.84892
0.7955,0.849348
0.796,0.849777
0.7965,0.850205
0.797,0.850633
0.7975,0.851061
0.798,0.851488
0.7985,0.851915
0.799,0.852342
0.7995,0.852769
0.8,0.853196
0.8005,0.853622
0.801,0.854048
0.8015,0.854473
0.802,0.854899
0.8025,0.855324
0.803,0.855749
0.8035,0.856174
0.804,0.856598
0.8045,0.857022
0.805,0.857446
0.8055,0.85787
0.806,0.858293
0.8065,0.858716
0.807,0.859139
0.8075,0.859562
0.808,0.859984
0.8085,0.860406
0.809,0.860828
0.8095,0.861249
0.81,0.861671
0.8105,0.862092
0.811,0.862513
0.8115,0.862933
0.812,0.863353
0.8125,0.863773
0.813,0.864193
0.8135,0.864613
0.814,0.865032
0.8145,0.865451
0.815,0.865869
0.8155,0.866288
0.816,0.866706
0.8165,0.867124
0.817,0.867542
0.8175,0.867959
0.818,0.868376
0.8185,0.868793
0.819,0.869209
0.8195,0.869626
0.82,0.870042
0.8205,0.870457
0.821,0.870873
0.8215,0.871288
0.822,0.871703
0.8225,0.872118
0.823,0.872532
0.8235,0.872946
0.824,0.87336
0.8245,0.873774
0.825,0.874187
0.8255,0.8746
0.826,0.875013
0.8265,0.875426
0.827,0.875838
0.8275,0.87625
0.828,0.876662
0.8285,0.877073
0.829,0.877484
0.8295,0.877895
0.83,0.878306
0.8305,0.878716
0.831,0.879126
0.8315,0.879536
0.832,0.879946
0.8325,0.880355
0.833,0.880764
0.8335,0.881173
0.834,0.881581
0.8345,0.881989
0.835,0.882397
0.8355,0.882805
0.836,0.883212
0.8365,0.883619
0.837,0.884026
0.8375,0.884433
0.838,0.884839
0.8385,0.885245
0.839,0.885651
0.8395,0.886056
0.84,0.886461
0.8405,0.886866
0.841,0.88727
0.8415,0.887675
0.842,0.888079
0.8425,0.888482
0.843,0.888886
0.8435,0.889289
0.844,0.889692
0.8445,0.890095
0.845,0.890497
0.8455,0.890899
0.846,0.891301
0.8465,0.891702
0.847,0.892103
0.8475,0.892504
0.848,0.892905
0.8485,0.893305
0.849,0.893705
0.8495,0.894105
0.85,0.894505
0.8505,0.894904
0.851,0.895303
0.8515,0.895701
0.852,0.8961
0.8525,0.896498
0.853,0.896896
0.8535,0.897293
0.854,0.89769
0.8545,0.898087
0.855,0.898484
0.8555,0.89888
0.856,0.899276
0.8565,0.899672
0.857,0.900067
0.8575,0.900463
0.858,0.900857
0.8585,0.901252
0.859,0.901646
0.8595,0.90204
0.86,0.902434
0.8605,0.902828
0.861,0.903221
0.8615,0.903614
0.862,0.904006
0.8625,0.904398
0.863,0.90479
0.8635,0.905182
0.864,0.905573
0.8645,0.905964
0.865,0.906355
0.8655,0.906746
0.866,0.907136
0.8665,0.907526
0.867,0.907916
0.8675,0.908305
0.868,0.908694
0.8685,0.909083
0.869,0.909471
0.8695,0.909859
0.87,0.910247
0.8705,0.910635
0.871,0.911022
0.8715,0.911409
0.872,0.911795
0.8725,0.912182
0.873,0.912568
0.8735,0.912954
0.874,0.913339
0.8745,0.913724
0.875,0.914109
0.8755,0.914493
0.876,0.914878
0.8765,0.915262
0.877,0.915645
0.8775,0.916029
0.878,0.916412
0.8785,0.916794
0.879,0.917177
0.8795,0.917559
0.88,0.917941
0.8805,0.918322
0.881,0.918704
0.8815,0.919084
0.882,0.919465
0.8825,0.919845
0.883,0.920225
0.8835,0.920605
0.884,0.920984
0.8845,0.921363
0.885,0.921742
0.8855,0.922121
0.886,0.922499
0.8865,0.922877
0.887,0.923254
0.8875,0.923631
0.888,0.924008
0.8885,0.924385
0.889,0.924761
0.8895,0.925137
0.89,0.925513
0.8905,0.925888
0.891,0.926263
0.8915,0.926638
0.892,0.927012
0.8925,0.927387
0.893,0.92776
0.8935,0.928134
0.894,0.928507
0.8945,0.92888
0.895,0.929252
0.8955,0.929625
0.896,0.929997
0.8965,0.930368
0.897,0.93074
0.8975,0.931111
0.898,0.931481
0.8985,0.931852
0.899,0.932222
0.8995,0.932591
0.9,0.932961
0.9005,0.93333
0.901,0.933698
0.9015,0.934067
0.902,0.934435
0.9025,0.934803
0.903,0.93517
0.9035,0.935538
0.904,0.935904
0.9045,0.936271
0.905,0.936637
0.9055,0.937003
0.906,0.937369
0.9065,0.937734
0.907,0.938099
0.9075,0.938463
0.908,0.938828
0.9085,0.939192
0.909,0.939555
0.9095,0.939918
0.91,0.940281
0.9105,0.940644
0.911,0.941006
0.9115,0.941368
0.912,0.94173
0.9125,0.942091
0.913,0.942453
0.9135,0.942813
0.914,0.943174
0.9145,0.943534
0.915,0.943893
0.9155,0.944253
0.916,0.944612
0.9165,0.944971
0.917,0.945329
0.9175,0.945687
0.918,0.946045
0.9185,0.946402
0.919,0.946759
0.9195,0.947116
0.92,0.947473
0.9205,0.947829
0.921,0.948184
0.9215,0.94854
0.922,0.948895
0.9225,0.94925
0.923,0.949604
0.9235,0.949958
0.924,0.950312
0.9245,0.950666
0.925,0.951019
0.9255,0.951371
0.926,0.951724
0.9265,0.952076
0.927,0.952428
0.9275,0.952779
0.928,0.95313
0.9285,0.953481
0.929,0.953831
0.9295,0.954182
0.93,0.954531
0.9305,0.954881
0.931,0.95523
0.9315,0.955579
0.932,0.955927
0.9325,0.956275
0.933,0.956623
0.9335,0.95697
0.934,0.957317
0.9345,0.957664
0.935,0.95801
0.9355,0.958356
0.936,0.958702
0.9365,0.959047
0.937,0.959392
0.9375,0.959737
0.938,0.960081
0.9385,0.960425
0.939,0.960769
0.9395,0.961112
0.94,0.961455
0.9405,0.961797
0.941,0.96214
0.9415,0.962482
0.942,0.962823
0.9425,0.963164
0.943,0.963505
0.9435,0.963846
0.944,0.964186
0.9445,0.964526
0.945,0.964865
0.9455,0.965204
0.946,0.965543
0.9465,0.965881
0.947,0.96622
0.9475,0.966557
0.948,0.966895
0.9485,0.967232
0.949,0.967568
0.9495,0.967905
0.95,0.968241
0.9505,0.968576
0.951,0.968911
0.9515,0.969246
0.952,0.969581
0.9525,0.969915
0.953,0.970249
0.9535,0.970582
0.954,0.970916
0.9545,0.971248
0.955,0.971581
0.9555,0.971913
0.956,0.972245
0.9565,0.972576
0.957,0.972907
0.9575,0.973238
0.958,0.973568
0.9585,0.973898
0.959,0.974227
0.9595,0.974557
0.96,0.974886
0.9605,0.975214
0.961,0.975542
0.9615,0.97587
0.962,0.976197
0.9625,0.976524
0.963,0.976851
0.9635,0.977177
0.964,0.977503
0.9645,0.977829
0.965,0.978154
0.9655,0.978479
0.966,0.978804
0.9665,0.979128
0.967,0.979452
0.9675,0.979775
0.968,0.980098
0.9685,0.980421
0.969,0.980743
0.9695,0.981065
0.97,0.981387
0.9705,0.981708
0.971,0.982029
0.9715,0.982349
0.972,0.98267
0.9725,0.982989
0.973,0.983309
0.9735,0.983628
0.974,0.983946
0.9745,0.984265
0.975,0.984583
0.9755,0.9849
0.976,0.985217
0.9765,0.985534
0.977,0.985851
0.9775,0.986167
0.978,0.986483
0.9785,0.986798
0.979,0.987113
0.9795,0.987427
0.98,0.987742
0.9805,0.988055
0.981,0.988369
0.9815,0.988682
0.982,0.988995
0.9825,0.989307
0.983,0.989619
0.9835,0.989931
0.984,0.990242
0.9845,0.990553
0.985,0.990863
0.9855,0.991173
0.986,0.991483
0.9865,0.991792
0.987,0.992101
0.9875,0.99241
0.988,0.992718
0.9885,0.993026
0.989,0.993333
0.9895,0.99364
0.99,0.993947
0.9905,0.994253
0.991,0.994559
0.9915,0.994865
0.992,0.99517
0.9925,0.995475
0.993,0.995779
0.9935,0.996083
0.994,0.996387
0.9945,0.99669
0.995,0.996993
0.9955,0.997295
0.996,0.997597
0.9965,0.997899
0.997,0.9982
0.9975,0.998501
0.998,0.998802
0.9985,0.999102
0.999,0.999402
0.9995,0.999701
1,1
